94
14
79
88
57
81
88
40
64
71
28
87
93
24
69
49
2
1
5
34
81
90
37
69
77
73
91
32
54
82
70
89
77
54
69
43
60
19
2
66
19
37
45
69
53
69
74
15
8
85
14
67
52
61
46
3
77
10
10
83
89
55
86
81
1
39
10
38
55
25
89
82
98
39
14
43
45
67
16
8
99
75
23
68
68
2
36
15
8
65
66
50
8
19
76
63
51
63
68
13
58
35
60
83
96
31
68
13
46
3
57
9
94
1
83
14
32
17
12
98
3
94
30
89
59
38
74
79
63
50
92
82
99
2
49
63
15
40
71
37
33
23
68
5
7
57
56
7
35
62
31
33
50
70
9
64
4
71
24
57
57
89
49
95
10
75
10
91
52
20
99
91
45
75
64
80
25
25
81
1
82
66
44
1
19
58
31
29
93
85
59
43
16
14
80
44
73
73
94
32
