5340
3176
2377
9680
2114
7816
117
3307
8230
2675
7794
137
5851
7062
2976
9078
1325
2479
2591
2786
2531
8063
8778
3930
9945
2760
5083
8844
6956
7682
1000
5281
1622
8103
2383
8003
412
5392
6416
9567
204
69
2137
1785
7182
4324
9090
1970
7747
3611
5440
1491
7001
7552
9202
3797
1084
996
9221
2568
1556
7231
9790
8951
9541
4585
3967
7601
1295
5744
4102
2247
9464
6979
3179
1341
4472
5135
1718
8857
7614
6980
8829
8117
2193
8092
8208
4371
4265
961
7112
8771
246
508
3810
4911
8914
6596
2686
8260
5145
4696
3535
2807
5893
7106
2139
9935
6792
1838
1561
6291
3646
4400
1008
3564
6681
1091
5508
6058
7293
3691
1419
6242
7306
7746
305
9473
7869
2660
677
8567
5152
702
1201
3881
2625
9613
4921
8465
6766
3985
2518
6665
7437
1466
3929
3113
5759
8109
6066
1586
7179
4483
6489
8031
7263
1178
5268
6156
721
4618
7259
447
8838
6008
7467
993
1819
6441
742
7591
4033
5726
4536
7909
7690
2006
5728
5077
4907
8366
2716
4803
3934
8947
1992
7850
9734
4662
1612
1083
4948
3241
1155
2161
3782
2983
1665
4759
3342